--------------------------------------------------------------------
For  n = 2 
Your original matrix A: 
1.00000 0.50000
0.00000 0.08333

L: 
1.00000 0.00000
0.50000 1.00000

U: 
1.00000 0.50000
0.00000 0.08333

Error for LU: [[ 0.75]]

Q with givens: 
0.89443 -0.44721
0.44721 0.89443

R with givens: 
1.11803 0.59628
0.00000 0.07454

Error for QR with givens: [[  1.11022302e-16]]

Q with householder: 
0.89443 -0.44721
0.44721 0.89443

R with householder: 
1.11803 0.59628
0.00000 0.07454

Error for QR with househ: [[  3.88578059e-16]]
--------------------------------------------------------------------
For  n = 3 
Your original matrix A: 
1.00000 0.50000 0.33333
0.00000 0.08333 0.08333
0.00000 -0.00000 0.00556

L: 
1.00000 0.00000 0.00000
0.50000 1.00000 0.00000
0.33333 1.00000 1.00000

U: 
1.00000 0.50000 0.33333
0.00000 0.08333 0.08333
0.00000 -0.00000 0.00556

Error for LU: [[ 0.91666667]]

Q with givens: 
0.85714 -0.50160 0.11704
0.42857 0.56849 -0.70225
0.28571 0.65209 0.70225

R with givens: 
1.16667 0.64286 0.45000
0.00000 0.10171 0.10534
0.00000 0.00000 0.00390

Error for QR with givens: [[  2.77555756e-16]]

Q with householder: 
0.85714 -0.50160 0.11704
0.42857 0.56849 -0.70225
0.28571 0.65209 0.70225

R with householder: 
1.16667 0.64286 0.45000
0.00000 0.10171 0.10534
0.00000 0.00000 0.00390

Error for QR with househ: [[ nan]]
--------------------------------------------------------------------
For  n = 4 
Your original matrix A: 
1.00000 0.50000 0.33333 0.25000
0.00000 0.08333 0.08333 0.07500
0.00000 -0.00000 0.00556 0.00833
0.00000 0.00000 0.00000 0.00036

L: 
1.00000 0.00000 0.00000 0.00000
0.50000 1.00000 0.00000 0.00000
0.33333 1.00000 1.00000 0.00000
0.25000 0.90000 1.50000 1.00000

U: 
1.00000 0.50000 0.33333 0.25000
0.00000 0.08333 0.08333 0.07500
0.00000 -0.00000 0.00556 0.00833
0.00000 0.00000 0.00000 0.00036

Error for LU: [[ 1.04166667]]

Q with givens: 
0.83812 -0.52265 0.15397 -0.02631
0.41906 0.44171 -0.72775 0.31568
0.27937 0.52882 0.13951 -0.78920
0.20953 0.50207 0.65361 0.52613

R with givens: 
1.19315 0.67049 0.47493 0.36984
0.00000 0.11853 0.12566 0.11754
0.00000 0.00000 0.00622 0.00957
0.00000 0.00000 0.00000 0.00019

Error for QR with givens: [[  3.60822483e-16]]

Q with householder: 
0.83812 -0.52265 0.15397 -0.02631
0.41906 0.44171 -0.72775 0.31568
0.27937 0.52882 0.13951 -0.78920
0.20953 0.50207 0.65361 0.52613

R with householder: 
1.19315 0.67049 0.47493 0.36984
0.00000 0.11853 0.12566 0.11754
0.00000 0.00000 0.00622 0.00957
0.00000 0.00000 0.00000 0.00019

Error for QR with househ: [[  4.16333634e-16]]
--------------------------------------------------------------------
For  n = 5 
Your original matrix A: 
1.00000 0.50000 0.33333 0.25000 0.20000
0.00000 0.08333 0.08333 0.07500 0.06667
0.00000 -0.00000 0.00556 0.00833 0.00952
0.00000 0.00000 0.00000 0.00036 0.00071
0.00000 0.00000 0.00000 0.00000 0.00002

L: 
1.00000 0.00000 0.00000 0.00000 0.00000
0.50000 1.00000 0.00000 0.00000 0.00000
0.33333 1.00000 1.00000 0.00000 0.00000
0.25000 0.90000 1.50000 1.00000 0.00000
0.20000 0.80000 1.71429 2.00000 1.00000

U: 
1.00000 0.50000 0.33333 0.25000 0.20000
0.00000 0.08333 0.08333 0.07500 0.06667
0.00000 -0.00000 0.00556 0.00833 0.00952
0.00000 0.00000 0.00000 0.00036 0.00071
0.00000 0.00000 0.00000 0.00000 0.00002

Error for LU: [[ 1.14166667]]

Q with givens: 
0.82658 -0.53335 0.17531 -0.03910 0.00550
0.41329 0.37405 -0.71726 0.40335 -0.11009
0.27553 0.46295 -0.05766 -0.67896 0.49543
0.20665 0.44332 0.35263 -0.20615 -0.77066
0.16532 0.40591 0.57196 0.57645 0.38533

R with givens: 
1.20980 0.68882 0.49201 0.38541 0.31776
0.00000 0.13006 0.14019 0.13270 0.12232
0.00000 0.00000 0.00807 0.01263 0.01491
0.00000 0.00000 -0.00000 0.00034 0.00069
0.00000 -0.00000 0.00000 0.00000 0.00001

Error for QR with givens: [[  3.60822483e-16]]

Q with householder: 
0.82658 -0.53335 0.17531 -0.03910 0.00550
0.41329 0.37405 -0.71726 0.40335 -0.11009
0.27553 0.46295 -0.05766 -0.67896 0.49543
0.20665 0.44332 0.35263 -0.20615 -0.77066
0.16532 0.40591 0.57196 0.57645 0.38533

R with householder: 
1.20980 0.68882 0.49201 0.38541 0.31776
0.00000 0.13006 0.14019 0.13270 0.12232
0.00000 0.00000 0.00807 0.01263 0.01491
0.00000 0.00000 -0.00000 0.00034 0.00069
0.00000 -0.00000 0.00000 0.00000 0.00001

Error for QR with househ: [[ nan]]
--------------------------------------------------------------------
For  n = 6 
Your original matrix A: 
1.00000 0.50000 0.33333 0.25000 0.20000 0.16667
0.00000 0.08333 0.08333 0.07500 0.06667 0.05952
0.00000 -0.00000 0.00556 0.00833 0.00952 0.00992
0.00000 0.00000 0.00000 0.00036 0.00071 0.00099
0.00000 0.00000 0.00000 0.00000 0.00002 0.00006
0.00000 0.00000 0.00000 0.00000 0.00000 0.00000

L: 
1.00000 0.00000 0.00000 0.00000 0.00000 0.00000
0.50000 1.00000 0.00000 0.00000 0.00000 0.00000
0.33333 1.00000 1.00000 0.00000 0.00000 0.00000
0.25000 0.90000 1.50000 1.00000 0.00000 0.00000
0.20000 0.80000 1.71429 2.00000 1.00000 0.00000
0.16667 0.71429 1.78571 2.77778 2.50000 1.00000

U: 
1.00000 0.50000 0.33333 0.25000 0.20000 0.16667
0.00000 0.08333 0.08333 0.07500 0.06667 0.05952
0.00000 -0.00000 0.00556 0.00833 0.00952 0.00992
0.00000 0.00000 0.00000 0.00036 0.00071 0.00099
0.00000 0.00000 0.00000 0.00000 0.00002 0.00006
0.00000 0.00000 0.00000 0.00000 0.00000 0.00000

Error for LU: [[ 1.225]]

Q with givens: 
0.81885 -0.53968 0.18926 -0.04824 0.00903 -0.00110
0.40943 0.33199 -0.70242 0.44893 -0.16165 0.03315
0.27295 0.42193 -0.15293 -0.57232 0.58539 -0.23205
0.20471 0.40673 0.20151 -0.38664 -0.46869 0.61879
0.16377 0.37353 0.39626 0.09152 -0.42854 -0.69614
0.13648 0.33993 0.49977 0.55742 0.47728 0.27846

R with givens: 
1.22122 0.70187 0.50447 0.39697 0.32843 0.28061
0.00000 0.13847 0.15113 0.14436 0.13401 0.12367
0.00000 0.00000 0.00956 0.01519 0.01813 0.01953
-0.00000 0.00000 -0.00000 0.00048 0.00099 0.00142
0.00000 -0.00000 0.00000 0.00000 0.00002 0.00004
0.00000 -0.00000 -0.00000 0.00000 -0.00000 0.00000

Error for QR with givens: [[  3.05311332e-16]]

Q with householder: 
0.81885 -0.53968 0.18926 -0.04824 0.00903 -0.00110
0.40943 0.33199 -0.70242 0.44893 -0.16165 0.03315
0.27295 0.42193 -0.15293 -0.57232 0.58539 -0.23205
0.20471 0.40673 0.20151 -0.38664 -0.46869 0.61879
0.16377 0.37353 0.39626 0.09152 -0.42854 -0.69614
0.13648 0.33993 0.49977 0.55742 0.47728 0.27846

R with householder: 
1.22122 0.70187 0.50447 0.39697 0.32843 0.28061
0.00000 0.13847 0.15113 0.14436 0.13401 0.12367
0.00000 0.00000 0.00956 0.01519 0.01813 0.01953
-0.00000 0.00000 -0.00000 0.00048 0.00099 0.00142
0.00000 -0.00000 0.00000 0.00000 0.00002 0.00004
0.00000 -0.00000 -0.00000 0.00000 -0.00000 0.00000

Error for QR with househ: [[  4.99600361e-16]]
--------------------------------------------------------------------
For  n = 7 
Your original matrix A: 
1.00000 0.50000 0.33333 0.25000 0.20000 0.16667 0.14286
0.00000 0.08333 0.08333 0.07500 0.06667 0.05952 0.05357
0.00000 -0.00000 0.00556 0.00833 0.00952 0.00992 0.00992
0.00000 0.00000 0.00000 0.00036 0.00071 0.00099 0.00119
0.00000 0.00000 0.00000 0.00000 0.00002 0.00006 0.00009
0.00000 0.00000 0.00000 0.00000 0.00000 0.00000 0.00000
0.00000 0.00000 0.00000 0.00000 0.00000 0.00000 0.00000

L: 
1.00000 0.00000 0.00000 0.00000 0.00000 0.00000 0.00000
0.50000 1.00000 0.00000 0.00000 0.00000 0.00000 0.00000
0.33333 1.00000 1.00000 0.00000 0.00000 0.00000 0.00000
0.25000 0.90000 1.50000 1.00000 0.00000 0.00000 0.00000
0.20000 0.80000 1.71429 2.00000 1.00000 0.00000 0.00000
0.16667 0.71429 1.78571 2.77778 2.50000 1.00000 0.00000
0.14286 0.64286 1.78571 3.33333 4.09091 3.00000 1.00000

U: 
1.00000 0.50000 0.33333 0.25000 0.20000 0.16667 0.14286
0.00000 0.08333 0.08333 0.07500 0.06667 0.05952 0.05357
0.00000 -0.00000 0.00556 0.00833 0.00952 0.00992 0.00992
0.00000 0.00000 0.00000 0.00036 0.00071 0.00099 0.00119
0.00000 0.00000 0.00000 0.00000 0.00002 0.00006 0.00009
0.00000 0.00000 0.00000 0.00000 0.00000 0.00000 0.00000
0.00000 0.00000 0.00000 0.00000 0.00000 0.00000 0.00000

Error for LU: [[ 1.29642857]]

Q with givens: 
0.81330 -0.54379 0.19910 -0.05511 0.01196 -0.00197 0.00022
0.40665 0.30332 -0.68856 0.47597 -0.19739 0.05411 -0.00907
0.27110 0.39395 -0.20713 -0.49011 0.61084 -0.32688 0.09066
0.20333 0.38174 0.11239 -0.43960 -0.25418 0.64104 -0.36265
0.16266 0.35141 0.29152 -0.11228 -0.49921 -0.20224 0.67997
0.13555 0.32024 0.38919 0.23089 -0.15059 -0.54182 -0.59837
0.11619 0.29210 0.44074 0.52062 0.50127 0.38055 0.19946

R with givens: 
1.22955 0.71164 0.51396 0.40590 0.33677 0.28839 0.25249
0.00000 0.14487 0.15966 0.15363 0.14341 0.13295 0.12328
0.00000 0.00000 0.01080 0.01735 0.02089 0.02267 0.02343
0.00000 0.00000 0.00000 0.00061 0.00128 0.00185 0.00229
0.00000 0.00000 0.00000 0.00000 0.00003 0.00007 0.00011
-0.00000 0.00000 0.00000 0.00000 0.00000 0.00000 0.00000
-0.00000 0.00000 0.00000 0.00000 0.00000 0.00000 0.00000

Error for QR with givens: [[  4.44089210e-16]]

Q with householder: 
0.81330 -0.54379 0.19910 -0.05511 0.01196 -0.00197 0.00022
0.40665 0.30332 -0.68856 0.47597 -0.19739 0.05411 -0.00907
0.27110 0.39395 -0.20713 -0.49011 0.61084 -0.32688 0.09066
0.20333 0.38174 0.11239 -0.43960 -0.25418 0.64104 -0.36265
0.16266 0.35141 0.29152 -0.11228 -0.49921 -0.20224 0.67997
0.13555 0.32024 0.38919 0.23089 -0.15059 -0.54182 -0.59837
0.11619 0.29210 0.44074 0.52062 0.50127 0.38055 0.19946

R with householder: 
1.22955 0.71164 0.51396 0.40590 0.33677 0.28839 0.25249
0.00000 0.14487 0.15966 0.15363 0.14341 0.13295 0.12328
0.00000 0.00000 0.01080 0.01735 0.02089 0.02267 0.02343
0.00000 0.00000 0.00000 0.00061 0.00128 0.00185 0.00229
0.00000 0.00000 0.00000 0.00000 0.00003 0.00007 0.00011
-0.00000 0.00000 0.00000 0.00000 0.00000 0.00000 0.00000
-0.00000 0.00000 0.00000 0.00000 0.00000 0.00000 0.00000

Error for QR with househ: [[ nan]]
--------------------------------------------------------------------
For  n = 8 
Your original matrix A: 
1.00000 0.50000 0.33333 0.25000 0.20000 0.16667 0.14286 0.12500
0.00000 0.08333 0.08333 0.07500 0.06667 0.05952 0.05357 0.04861
0.00000 -0.00000 0.00556 0.00833 0.00952 0.00992 0.00992 0.00972
0.00000 0.00000 0.00000 0.00036 0.00071 0.00099 0.00119 0.00133
0.00000 0.00000 0.00000 0.00000 0.00002 0.00006 0.00009 0.00013
0.00000 0.00000 0.00000 0.00000 0.00000 0.00000 0.00000 0.00001
0.00000 0.00000 0.00000 0.00000 0.00000 0.00000 0.00000 0.00000
0.00000 0.00000 0.00000 0.00000 0.00000 0.00000 0.00000 0.00000

L: 
1.00000 0.00000 0.00000 0.00000 0.00000 0.00000 0.00000 0.00000
0.50000 1.00000 0.00000 0.00000 0.00000 0.00000 0.00000 0.00000
0.33333 1.00000 1.00000 0.00000 0.00000 0.00000 0.00000 0.00000
0.25000 0.90000 1.50000 1.00000 0.00000 0.00000 0.00000 0.00000
0.20000 0.80000 1.71429 2.00000 1.00000 0.00000 0.00000 0.00000
0.16667 0.71429 1.78571 2.77778 2.50000 1.00000 0.00000 0.00000
0.14286 0.64286 1.78571 3.33333 4.09091 3.00000 1.00000 0.00000
0.12500 0.58333 1.75000 3.71212 5.56818 5.65385 3.50000 1.00000

U: 
1.00000 0.50000 0.33333 0.25000 0.20000 0.16667 0.14286 0.12500
0.00000 0.08333 0.08333 0.07500 0.06667 0.05952 0.05357 0.04861
0.00000 -0.00000 0.00556 0.00833 0.00952 0.00992 0.00992 0.00972
0.00000 0.00000 0.00000 0.00036 0.00071 0.00099 0.00119 0.00133
0.00000 0.00000 0.00000 0.00000 0.00002 0.00006 0.00009 0.00013
0.00000 0.00000 0.00000 0.00000 0.00000 0.00000 0.00000 0.00001
0.00000 0.00000 0.00000 0.00000 0.00000 0.00000 0.00000 0.00000
0.00000 0.00000 0.00000 0.00000 0.00000 0.00000 0.00000 0.00000

Error for LU: [[ 1.37599206]]

Q with givens: 
0.80913 -0.54665 0.20639 -0.06048 0.01441 -0.00278 0.00041 -0.00004
0.40457 0.28253 -0.67657 0.49336 -0.22361 0.07135 -0.01613 0.00232
0.26971 0.37364 -0.24129 -0.42737 0.61351 -0.38544 0.14440 -0.03128
0.20228 0.36361 0.05433 -0.45187 -0.11090 0.59202 -0.47620 0.17375
0.16183 0.33535 0.22263 -0.21244 -0.44813 0.07577 0.57600 -0.47782
0.13486 0.30593 0.31613 0.05794 -0.33597 -0.44277 0.05081 0.68806
0.11559 0.27924 0.36692 0.29322 0.02915 -0.33178 -0.57462 -0.49693
0.10114 0.25592 0.39287 0.48130 0.49655 0.42894 0.29592 0.14198

R with givens: 
1.23589 0.71923 0.52144 0.41301 0.34347 0.29470 0.25842 0.23031
-0.00000 0.14992 0.16651 0.16116 0.15115 0.14066 0.13084 0.12197
-0.00000 0.00000 0.01183 0.01919 0.02328 0.02542 0.02641 0.02670
-0.00000 0.00000 -0.00000 0.00073 0.00155 0.00225 0.00281 0.00323
-0.00000 0.00000 0.00000 0.00000 0.00004 0.00009 0.00016 0.00022
-0.00000 0.00000 0.00000 -0.00000 0.00000 0.00000 0.00000 0.00001
0.00000 0.00000 -0.00000 0.00000 -0.00000 -0.00000 0.00000 0.00000
0.00000 0.00000 0.00000 -0.00000 0.00000 -0.00000 0.00000 0.00000

Error for QR with givens: [[  3.19189120e-16]]

Q with householder: 
0.80913 -0.54665 0.20639 -0.06048 0.01441 -0.00278 0.00041 -0.00004
0.40457 0.28253 -0.67657 0.49336 -0.22361 0.07135 -0.01613 0.00232
0.26971 0.37364 -0.24129 -0.42737 0.61351 -0.38544 0.14440 -0.03128
0.20228 0.36361 0.05433 -0.45187 -0.11090 0.59202 -0.47620 0.17375
0.16183 0.33535 0.22263 -0.21244 -0.44813 0.07577 0.57600 -0.47782
0.13486 0.30593 0.31613 0.05794 -0.33597 -0.44277 0.05081 0.68806
0.11559 0.27924 0.36692 0.29322 0.02915 -0.33178 -0.57462 -0.49693
0.10114 0.25592 0.39287 0.48130 0.49655 0.42894 0.29592 0.14198

R with householder: 
1.23589 0.71923 0.52144 0.41301 0.34347 0.29470 0.25842 0.23031
-0.00000 0.14992 0.16651 0.16116 0.15115 0.14066 0.13084 0.12197
-0.00000 0.00000 0.01183 0.01919 0.02328 0.02542 0.02641 0.02670
-0.00000 0.00000 -0.00000 0.00073 0.00155 0.00225 0.00281 0.00323
-0.00000 0.00000 0.00000 0.00000 0.00004 0.00009 0.00016 0.00022
-0.00000 0.00000 0.00000 -0.00000 0.00000 0.00000 0.00000 0.00001
0.00000 0.00000 -0.00000 0.00000 -0.00000 -0.00000 0.00000 0.00000
0.00000 0.00000 0.00000 -0.00000 0.00000 -0.00000 0.00000 0.00000

Error for QR with househ: [[  9.57567359e-16]]
--------------------------------------------------------------------
For  n = 9 
Your original matrix A: 
1.00000 0.50000 0.33333 0.25000 0.20000 0.16667 0.14286 0.12500 0.11111
0.00000 0.08333 0.08333 0.07500 0.06667 0.05952 0.05357 0.04861 0.04444
0.00000 -0.00000 0.00556 0.00833 0.00952 0.00992 0.00992 0.00972 0.00943
0.00000 0.00000 0.00000 0.00036 0.00071 0.00099 0.00119 0.00133 0.00141
0.00000 0.00000 0.00000 0.00000 0.00002 0.00006 0.00009 0.00013 0.00016
0.00000 0.00000 0.00000 0.00000 0.00000 0.00000 0.00000 0.00001 0.00001
0.00000 0.00000 0.00000 0.00000 0.00000 0.00000 0.00000 0.00000 0.00000
0.00000 0.00000 0.00000 0.00000 0.00000 0.00000 0.00000 0.00000 0.00000
0.00000 0.00000 0.00000 0.00000 0.00000 -0.00000 0.00000 0.00000 0.00000

L: 
1.00000 0.00000 0.00000 0.00000 0.00000 0.00000 0.00000 0.00000 0.00000
0.50000 1.00000 0.00000 0.00000 0.00000 0.00000 0.00000 0.00000 0.00000
0.33333 1.00000 1.00000 0.00000 0.00000 0.00000 0.00000 0.00000 0.00000
0.25000 0.90000 1.50000 1.00000 0.00000 0.00000 0.00000 0.00000 0.00000
0.20000 0.80000 1.71429 2.00000 1.00000 0.00000 0.00000 0.00000 0.00000
0.16667 0.71429 1.78571 2.77778 2.50000 1.00000 0.00000 0.00000 0.00000
0.14286 0.64286 1.78571 3.33333 4.09091 3.00000 1.00000 0.00000 0.00000
0.12500 0.58333 1.75000 3.71212 5.56818 5.65385 3.50000 1.00000 0.00000
0.11111 0.53333 1.69697 3.95960 6.85315 8.61538 7.46667 4.00000 1.00000

U: 
1.00000 0.50000 0.33333 0.25000 0.20000 0.16667 0.14286 0.12500 0.11111
0.00000 0.08333 0.08333 0.07500 0.06667 0.05952 0.05357 0.04861 0.04444
0.00000 -0.00000 0.00556 0.00833 0.00952 0.00992 0.00992 0.00972 0.00943
0.00000 0.00000 0.00000 0.00036 0.00071 0.00099 0.00119 0.00133 0.00141
0.00000 0.00000 0.00000 0.00000 0.00002 0.00006 0.00009 0.00013 0.00016
0.00000 0.00000 0.00000 0.00000 0.00000 0.00000 0.00000 0.00001 0.00001
0.00000 0.00000 0.00000 0.00000 0.00000 0.00000 0.00000 0.00000 0.00000
0.00000 0.00000 0.00000 0.00000 0.00000 0.00000 0.00000 0.00000 0.00000
0.00000 0.00000 0.00000 0.00000 0.00000 -0.00000 0.00000 0.00000 0.00000

Error for LU: [[ 1.45747354]]

Q with givens: 
0.80588 -0.54874 0.21202 -0.06477 0.01649 -0.00352 0.00062 -0.00008 0.00001
0.40294 0.26677 -0.66637 0.50520 -0.24357 0.08567 -0.02272 0.00443 -0.00056
0.26863 0.35823 -0.26439 -0.37862 0.60729 -0.42380 0.18642 -0.05479 0.00985
0.20147 0.34984 0.01383 -0.44928 -0.01253 0.53028 -0.52740 0.26504 -0.07222
0.16118 0.32317 0.17418 -0.26648 -0.37929 0.22668 0.42262 -0.56659 0.27084
0.13431 0.29507 0.26455 -0.04374 -0.38523 -0.27132 0.31904 0.42643 -0.56334
0.11513 0.26949 0.31467 0.15553 -0.17259 -0.42605 -0.28783 0.25459 0.65723
0.10074 0.24707 0.34124 0.31762 0.13948 -0.15716 -0.44436 -0.55494 -0.40239
0.08954 0.22764 0.35373 0.44427 0.47953 0.44791 0.35480 0.22603 0.10060

R with givens: 
1.24087 0.72530 0.52749 0.41882 0.34898 0.29991 0.26335 0.23498 0.21228
0.00000 0.15399 0.17213 0.16741 0.15763 0.14717 0.13726 0.12825 0.12016
-0.00000 0.00000 0.01270 0.02077 0.02536 0.02784 0.02904 0.02948 0.02945
0.00000 -0.00000 -0.00000 0.00084 0.00180 0.00263 0.00330 0.00381 0.00419
-0.00000 0.00000 0.00000 0.00000 0.00005 0.00012 0.00020 0.00029 0.00037
-0.00000 -0.00000 -0.00000 0.00000 0.00000 0.00000 0.00001 0.00001 0.00002
0.00000 0.00000 0.00000 0.00000 0.00000 0.00000 0.00000 0.00000 0.00000
-0.00000 -0.00000 -0.00000 0.00000 0.00000 0.00000 -0.00000 0.00000 0.00000
0.00000 -0.00000 0.00000 0.00000 0.00000 0.00000 -0.00000 0.00000 0.00000

Error for QR with givens: [[  5.27355937e-16]]

Q with householder: 
0.80588 -0.54874 0.21202 -0.06477 0.01649 -0.00352 0.00062 -0.00008 0.00001
0.40294 0.26677 -0.66637 0.50520 -0.24357 0.08567 -0.02272 0.00443 -0.00056
0.26863 0.35823 -0.26439 -0.37862 0.60729 -0.42380 0.18642 -0.05479 0.00985
0.20147 0.34984 0.01383 -0.44928 -0.01253 0.53028 -0.52740 0.26504 -0.07222
0.16118 0.32317 0.17418 -0.26648 -0.37929 0.22668 0.42262 -0.56659 0.27084
0.13431 0.29507 0.26455 -0.04374 -0.38523 -0.27132 0.31904 0.42643 -0.56334
0.11513 0.26949 0.31467 0.15553 -0.17259 -0.42605 -0.28783 0.25459 0.65723
0.10074 0.24707 0.34124 0.31762 0.13948 -0.15716 -0.44436 -0.55494 -0.40239
0.08954 0.22764 0.35373 0.44427 0.47953 0.44791 0.35480 0.22603 0.10060

R with householder: 
1.24087 0.72530 0.52749 0.41882 0.34898 0.29991 0.26335 0.23498 0.21228
0.00000 0.15399 0.17213 0.16741 0.15763 0.14717 0.13726 0.12825 0.12016
-0.00000 0.00000 0.01270 0.02077 0.02536 0.02784 0.02904 0.02948 0.02945
0.00000 -0.00000 -0.00000 0.00084 0.00180 0.00263 0.00330 0.00381 0.00419
-0.00000 0.00000 0.00000 0.00000 0.00005 0.00012 0.00020 0.00029 0.00037
-0.00000 -0.00000 -0.00000 0.00000 0.00000 0.00000 0.00001 0.00001 0.00002
0.00000 0.00000 0.00000 0.00000 0.00000 0.00000 0.00000 0.00000 0.00000
-0.00000 -0.00000 -0.00000 0.00000 0.00000 0.00000 -0.00000 0.00000 0.00000
0.00000 -0.00000 0.00000 0.00000 0.00000 0.00000 -0.00000 0.00000 0.00000

Error for QR with househ: [[ nan]]
--------------------------------------------------------------------
For  n = 10 
Your original matrix A: 
1.00000 0.50000 0.33333 0.25000 0.20000 0.16667 0.14286 0.12500 0.11111 0.10000
0.00000 0.08333 0.08333 0.07500 0.06667 0.05952 0.05357 0.04861 0.04444 0.04091
0.00000 -0.00000 0.00556 0.00833 0.00952 0.00992 0.00992 0.00972 0.00943 0.00909
0.00000 0.00000 0.00000 0.00036 0.00071 0.00099 0.00119 0.00133 0.00141 0.00147
0.00000 0.00000 0.00000 0.00000 0.00002 0.00006 0.00009 0.00013 0.00016 0.00018
0.00000 0.00000 0.00000 0.00000 0.00000 0.00000 0.00000 0.00001 0.00001 0.00002
0.00000 0.00000 0.00000 0.00000 0.00000 0.00000 0.00000 0.00000 0.00000 0.00000
0.00000 0.00000 0.00000 0.00000 0.00000 0.00000 0.00000 0.00000 0.00000 0.00000
0.00000 0.00000 0.00000 0.00000 0.00000 -0.00000 0.00000 0.00000 0.00000 0.00000
0.00000 0.00000 0.00000 0.00000 0.00000 0.00000 0.00000 0.00000 0.00000 0.00000

L: 
1.00000 0.00000 0.00000 0.00000 0.00000 0.00000 0.00000 0.00000 0.00000 0.00000
0.50000 1.00000 0.00000 0.00000 0.00000 0.00000 0.00000 0.00000 0.00000 0.00000
0.33333 1.00000 1.00000 0.00000 0.00000 0.00000 0.00000 0.00000 0.00000 0.00000
0.25000 0.90000 1.50000 1.00000 0.00000 0.00000 0.00000 0.00000 0.00000 0.00000
0.20000 0.80000 1.71429 2.00000 1.00000 0.00000 0.00000 0.00000 0.00000 0.00000
0.16667 0.71429 1.78571 2.77778 2.50000 1.00000 0.00000 0.00000 0.00000 0.00000
0.14286 0.64286 1.78571 3.33333 4.09091 3.00000 1.00000 0.00000 0.00000 0.00000
0.12500 0.58333 1.75000 3.71212 5.56818 5.65385 3.50000 1.00000 0.00000 0.00000
0.11111 0.53333 1.69697 3.95960 6.85315 8.61538 7.46667 4.00000 1.00000 0.00000
0.10000 0.49091 1.63636 4.11189 7.93007 11.63077 12.60000 9.52941 4.49999 1.00000

U: 
1.00000 0.50000 0.33333 0.25000 0.20000 0.16667 0.14286 0.12500 0.11111 0.10000
0.00000 0.08333 0.08333 0.07500 0.06667 0.05952 0.05357 0.04861 0.04444 0.04091
0.00000 -0.00000 0.00556 0.00833 0.00952 0.00992 0.00992 0.00972 0.00943 0.00909
0.00000 0.00000 0.00000 0.00036 0.00071 0.00099 0.00119 0.00133 0.00141 0.00147
0.00000 0.00000 0.00000 0.00000 0.00002 0.00006 0.00009 0.00013 0.00016 0.00018
0.00000 0.00000 0.00000 0.00000 0.00000 0.00000 0.00000 0.00001 0.00001 0.00002
0.00000 0.00000 0.00000 0.00000 0.00000 0.00000 0.00000 0.00000 0.00000 0.00000
0.00000 0.00000 0.00000 0.00000 0.00000 0.00000 0.00000 0.00000 0.00000 0.00000
0.00000 0.00000 0.00000 0.00000 0.00000 -0.00000 0.00000 0.00000 0.00000 0.00000
0.00000 0.00000 0.00000 0.00000 0.00000 0.00000 0.00000 0.00000 0.00000 0.00000

Error for LU: [[ 1.53171597]]

Q with givens: 
0.80328 -0.55033 0.21648 -0.06828 0.01827 -0.00419 0.00082 -0.00013 0.00002 -0.00000
0.40164 0.25442 -0.65768 0.51362 -0.25922 0.09769 -0.02875 0.00662 -0.00115 0.00013
0.26776 0.34614 -0.28085 -0.33994 0.59766 -0.44990 0.21977 -0.07614 0.01866 -0.00289
0.20082 0.33904 -0.01585 -0.44110 0.05740 0.47107 -0.54813 0.32926 -0.12294 0.02699
0.16066 0.31360 0.13840 -0.29742 -0.31508 0.30962 0.28624 -0.56846 0.38820 -0.13159
0.13388 0.28655 0.22632 -0.10802 -0.38629 -0.12883 0.40966 0.17626 -0.58018 0.36846
0.11475 0.26183 0.27588 0.06581 -0.26381 -0.37657 -0.02699 0.43975 0.23496 -0.61410
0.10041 0.24013 0.30286 0.20940 -0.04607 -0.32888 -0.39676 -0.09632 0.39727 0.60157
0.08925 0.22130 0.31625 0.32297 0.20563 -0.02746 -0.30246 -0.49690 -0.50516 -0.31958
0.08033 0.20494 0.32131 0.41084 0.45769 0.45049 0.38865 0.28631 0.17035 0.07102

R with givens: 
1.24490 0.73025 0.53248 0.42364 0.35359 0.30429 0.26752 0.23895 0.21605 0.19727
0.00000 0.15736 0.17682 0.17268 0.16314 0.15273 0.14279 0.13369 0.12547 0.11809
0.00000 0.00000 0.01345 0.02215 0.02719 0.02997 0.03139 0.03196 0.03202 0.03175
-0.00000 0.00000 -0.00000 0.00094 0.00202 0.00298 0.00376 0.00436 0.00482 0.00516
0.00000 0.00000 -0.00000 -0.00000 0.00005 0.00015 0.00025 0.00035 0.00045 0.00054
-0.00000 0.00000 -0.00000 -0.00000 0.00000 0.00000 0.00001 0.00002 0.00003 0.00004
0.00000 -0.00000 -0.00000 0.00000 0.00000 0.00000 0.00000 0.00000 0.00000 0.00000
0.00000 -0.00000 0.00000 -0.00000 -0.00000 0.00000 -0.00000 0.00000 0.00000 0.00000
-0.00000 0.00000 -0.00000 -0.00000 0.00000 0.00000 -0.00000 0.00000 0.00000 0.00000
0.00000 -0.00000 0.00000 0.00000 -0.00000 0.00000 0.00000 -0.00000 0.00000 0.00000

Error for QR with givens: [[  3.60822483e-16]]

Q with householder: 
0.80328 -0.55033 0.21648 -0.06828 0.01827 -0.00419 0.00082 -0.00013 0.00002 -0.00000
0.40164 0.25442 -0.65768 0.51362 -0.25922 0.09769 -0.02875 0.00662 -0.00115 0.00013
0.26776 0.34614 -0.28085 -0.33994 0.59766 -0.44990 0.21977 -0.07614 0.01866 -0.00289
0.20082 0.33904 -0.01585 -0.44110 0.05740 0.47107 -0.54813 0.32926 -0.12294 0.02699
0.16066 0.31360 0.13840 -0.29742 -0.31508 0.30962 0.28624 -0.56846 0.38820 -0.13159
0.13388 0.28655 0.22632 -0.10802 -0.38629 -0.12883 0.40966 0.17626 -0.58018 0.36846
0.11475 0.26183 0.27588 0.06581 -0.26381 -0.37657 -0.02699 0.43975 0.23496 -0.61410
0.10041 0.24013 0.30286 0.20940 -0.04607 -0.32888 -0.39676 -0.09632 0.39727 0.60157
0.08925 0.22130 0.31625 0.32297 0.20563 -0.02746 -0.30246 -0.49690 -0.50516 -0.31958
0.08033 0.20494 0.32131 0.41084 0.45769 0.45049 0.38865 0.28631 0.17035 0.07102

R with householder: 
1.24490 0.73025 0.53248 0.42364 0.35359 0.30429 0.26752 0.23895 0.21605 0.19727
0.00000 0.15736 0.17682 0.17268 0.16314 0.15273 0.14279 0.13369 0.12547 0.11809
0.00000 0.00000 0.01345 0.02215 0.02719 0.02997 0.03139 0.03196 0.03202 0.03175
-0.00000 0.00000 -0.00000 0.00094 0.00202 0.00298 0.00376 0.00436 0.00482 0.00516
0.00000 0.00000 -0.00000 -0.00000 0.00005 0.00015 0.00025 0.00035 0.00045 0.00054
-0.00000 0.00000 -0.00000 -0.00000 0.00000 0.00000 0.00001 0.00002 0.00003 0.00004
0.00000 -0.00000 -0.00000 0.00000 0.00000 0.00000 0.00000 0.00000 0.00000 0.00000
0.00000 -0.00000 0.00000 -0.00000 -0.00000 0.00000 -0.00000 0.00000 0.00000 0.00000
-0.00000 0.00000 -0.00000 -0.00000 0.00000 0.00000 -0.00000 0.00000 0.00000 0.00000
0.00000 -0.00000 0.00000 0.00000 -0.00000 0.00000 0.00000 -0.00000 0.00000 0.00000

Error for QR with househ: [[  1.42941214e-15]]
--------------------------------------------------------------------
For  n = 11 
Your original matrix A: 
1.00000 0.50000 0.33333 0.25000 0.20000 0.16667 0.14286 0.12500 0.11111 0.10000 0.09091
0.00000 0.08333 0.08333 0.07500 0.06667 0.05952 0.05357 0.04861 0.04444 0.04091 0.03788
0.00000 -0.00000 0.00556 0.00833 0.00952 0.00992 0.00992 0.00972 0.00943 0.00909 0.00874
0.00000 0.00000 0.00000 0.00036 0.00071 0.00099 0.00119 0.00133 0.00141 0.00147 0.00150
0.00000 0.00000 0.00000 0.00000 0.00002 0.00006 0.00009 0.00013 0.00016 0.00018 0.00020
0.00000 0.00000 0.00000 0.00000 0.00000 0.00000 0.00000 0.00001 0.00001 0.00002 0.00002
0.00000 0.00000 0.00000 0.00000 0.00000 0.00000 0.00000 0.00000 0.00000 0.00000 0.00000
0.00000 0.00000 0.00000 0.00000 0.00000 0.00000 0.00000 0.00000 0.00000 0.00000 0.00000
0.00000 0.00000 0.00000 0.00000 0.00000 -0.00000 0.00000 0.00000 0.00000 0.00000 0.00000
0.00000 0.00000 0.00000 0.00000 0.00000 0.00000 0.00000 0.00000 0.00000 0.00000 0.00000
0.00000 0.00000 0.00000 -0.00000 0.00000 0.00000 0.00000 0.00000 0.00000 0.00000 0.00000

L: 
1.00000 0.00000 0.00000 0.00000 0.00000 0.00000 0.00000 0.00000 0.00000 0.00000 0.00000
0.50000 1.00000 0.00000 0.00000 0.00000 0.00000 0.00000 0.00000 0.00000 0.00000 0.00000
0.33333 1.00000 1.00000 0.00000 0.00000 0.00000 0.00000 0.00000 0.00000 0.00000 0.00000
0.25000 0.90000 1.50000 1.00000 0.00000 0.00000 0.00000 0.00000 0.00000 0.00000 0.00000
0.20000 0.80000 1.71429 2.00000 1.00000 0.00000 0.00000 0.00000 0.00000 0.00000 0.00000
0.16667 0.71429 1.78571 2.77778 2.50000 1.00000 0.00000 0.00000 0.00000 0.00000 0.00000
0.14286 0.64286 1.78571 3.33333 4.09091 3.00000 1.00000 0.00000 0.00000 0.00000 0.00000
0.12500 0.58333 1.75000 3.71212 5.56818 5.65385 3.50000 1.00000 0.00000 0.00000 0.00000
0.11111 0.53333 1.69697 3.95960 6.85315 8.61538 7.46667 4.00000 1.00000 0.00000 0.00000
0.10000 0.49091 1.63636 4.11189 7.93007 11.63077 12.60000 9.52941 4.49999 1.00000 0.00000
0.09091 0.45455 1.57343 4.19580 8.81119 14.53846 18.52941 17.64706 11.84208 4.99983 1.00000

U: 
1.00000 0.50000 0.33333 0.25000 0.20000 0.16667 0.14286 0.12500 0.11111 0.10000 0.09091
0.00000 0.08333 0.08333 0.07500 0.06667 0.05952 0.05357 0.04861 0.04444 0.04091 0.03788
0.00000 -0.00000 0.00556 0.00833 0.00952 0.00992 0.00992 0.00972 0.00943 0.00909 0.00874
0.00000 0.00000 0.00000 0.00036 0.00071 0.00099 0.00119 0.00133 0.00141 0.00147 0.00150
0.00000 0.00000 0.00000 0.00000 0.00002 0.00006 0.00009 0.00013 0.00016 0.00018 0.00020
0.00000 0.00000 0.00000 0.00000 0.00000 0.00000 0.00000 0.00001 0.00001 0.00002 0.00002
0.00000 0.00000 0.00000 0.00000 0.00000 0.00000 0.00000 0.00000 0.00000 0.00000 0.00000
0.00000 0.00000 0.00000 0.00000 0.00000 0.00000 0.00000 0.00000 0.00000 0.00000 0.00000
0.00000 0.00000 0.00000 0.00000 0.00000 -0.00000 0.00000 0.00000 0.00000 0.00000 0.00000
0.00000 0.00000 0.00000 0.00000 0.00000 0.00000 0.00000 0.00000 0.00000 0.00000 0.00000
0.00000 0.00000 0.00000 -0.00000 0.00000 0.00000 0.00000 0.00000 0.00000 0.00000 0.00000

Error for LU: [[ 1.59989779]]

Q with givens: 
0.80115 -0.55157 0.22011 -0.07121 0.01980 -0.00480 0.00101 -0.00018 0.00003 -0.00000 0.00000
0.40057 0.24447 -0.65024 0.51982 -0.27178 0.10787 -0.03420 0.00878 -0.00180 0.00028 -0.00003
0.26705 0.33640 -0.29307 -0.30861 0.58698 -0.46818 0.24658 -0.09518 0.02760 -0.00586 0.00080
0.20029 0.33034 -0.03845 -0.43104 0.10875 0.41820 -0.55299 0.37502 -0.16651 0.05012 -0.00929
0.16023 0.30589 0.11097 -0.31577 -0.25981 0.35524 0.17550 -0.53642 0.45508 -0.21484 0.05688
0.13352 0.27968 0.19694 -0.15089 -0.36960 -0.02166 0.42303 -0.00704 -0.49828 0.48590 -0.20476
0.11445 0.25566 0.24600 0.00409 -0.30456 -0.29795 0.14041 0.41989 -0.07248 -0.52071 0.45504
0.10014 0.23454 0.27326 0.13388 -0.14850 -0.35900 -0.23640 0.19343 0.44486 0.03804 -0.63150
0.08902 0.21618 0.28733 0.23761 0.04458 -0.22044 -0.38781 -0.28618 0.08855 0.48134 0.53284
0.08011 0.20024 0.29327 0.31866 0.24420 0.06499 -0.17790 -0.39930 -0.50371 -0.44133 -0.24998
0.07283 0.18634 0.29413 0.38114 0.43455 0.44399 0.40599 0.32765 0.22672 0.12706 0.05000

R with givens: 
1.24821 0.73438 0.53667 0.42772 0.35751 0.30804 0.27110 0.24236 0.21931 0.20039 0.18454
0.00000 0.16018 0.18079 0.17719 0.16788 0.15755 0.14760 0.13843 0.13013 0.12265 0.11591
0.00000 -0.00000 0.01411 0.02335 0.02880 0.03187 0.03349 0.03420 0.03434 0.03413 0.03369
0.00000 0.00000 0.00000 0.00103 0.00223 0.00330 0.00418 0.00488 0.00541 0.00581 0.00610
-0.00000 -0.00000 -0.00000 -0.00000 0.00006 0.00017 0.00029 0.00042 0.00054 0.00064 0.00074
0.00000 0.00000 0.00000 -0.00000 -0.00000 0.00000 0.00001 0.00002 0.00003 0.00005 0.00006
-0.00000 -0.00000 -0.00000 -0.00000 -0.00000 0.00000 0.00000 0.00000 0.00000 0.00000 0.00000
0.00000 0.00000 0.00000 0.00000 -0.00000 0.00000 -0.00000 0.00000 0.00000 0.00000 0.00000
-0.00000 -0.00000 -0.00000 0.00000 -0.00000 0.00000 -0.00000 -0.00000 0.00000 0.00000 0.00000
0.00000 0.00000 0.00000 0.00000 -0.00000 0.00000 0.00000 -0.00000 0.00000 0.00000 0.00000
-0.00000 0.00000 -0.00000 -0.00000 0.00000 -0.00000 -0.00000 -0.00000 -0.00000 0.00000 0.00000

Error for QR with givens: [[  8.04911693e-16]]

Q with householder: 
0.80115 -0.55157 0.22011 -0.07121 0.01980 -0.00480 0.00101 -0.00018 0.00003 -0.00000 0.00000
0.40057 0.24447 -0.65024 0.51982 -0.27178 0.10787 -0.03420 0.00878 -0.00180 0.00028 -0.00003
0.26705 0.33640 -0.29307 -0.30861 0.58698 -0.46818 0.24658 -0.09518 0.02760 -0.00586 0.00080
0.20029 0.33034 -0.03845 -0.43104 0.10875 0.41820 -0.55299 0.37502 -0.16651 0.05012 -0.00929
0.16023 0.30589 0.11097 -0.31577 -0.25981 0.35524 0.17550 -0.53642 0.45508 -0.21484 0.05688
0.13352 0.27968 0.19694 -0.15089 -0.36960 -0.02166 0.42303 -0.00704 -0.49828 0.48590 -0.20476
0.11445 0.25566 0.24600 0.00409 -0.30456 -0.29795 0.14041 0.41989 -0.07248 -0.52071 0.45504
0.10014 0.23454 0.27326 0.13388 -0.14850 -0.35900 -0.23640 0.19343 0.44486 0.03804 -0.63150
0.08902 0.21618 0.28733 0.23761 0.04458 -0.22044 -0.38781 -0.28618 0.08855 0.48134 0.53284
0.08011 0.20024 0.29327 0.31866 0.24420 0.06499 -0.17790 -0.39930 -0.50371 -0.44133 -0.24998
0.07283 0.18634 0.29413 0.38114 0.43455 0.44399 0.40599 0.32765 0.22672 0.12706 0.05000

R with householder: 
1.24821 0.73438 0.53667 0.42772 0.35751 0.30804 0.27110 0.24236 0.21931 0.20039 0.18454
0.00000 0.16018 0.18079 0.17719 0.16788 0.15755 0.14760 0.13843 0.13013 0.12265 0.11591
0.00000 -0.00000 0.01411 0.02335 0.02880 0.03187 0.03349 0.03420 0.03434 0.03413 0.03369
0.00000 0.00000 0.00000 0.00103 0.00223 0.00330 0.00418 0.00488 0.00541 0.00581 0.00610
-0.00000 -0.00000 -0.00000 -0.00000 0.00006 0.00017 0.00029 0.00042 0.00054 0.00064 0.00074
0.00000 0.00000 0.00000 -0.00000 -0.00000 0.00000 0.00001 0.00002 0.00003 0.00005 0.00006
-0.00000 -0.00000 -0.00000 -0.00000 -0.00000 0.00000 0.00000 0.00000 0.00000 0.00000 0.00000
0.00000 0.00000 0.00000 0.00000 -0.00000 0.00000 -0.00000 0.00000 0.00000 0.00000 0.00000
-0.00000 -0.00000 -0.00000 0.00000 -0.00000 0.00000 -0.00000 -0.00000 0.00000 0.00000 0.00000
0.00000 0.00000 0.00000 0.00000 -0.00000 0.00000 0.00000 -0.00000 0.00000 0.00000 0.00000
-0.00000 0.00000 -0.00000 -0.00000 0.00000 -0.00000 -0.00000 -0.00000 -0.00000 0.00000 0.00000

Error for QR with househ: [[ nan]]
--------------------------------------------------------------------
For  n = 12 
Your original matrix A: 
1.00000 0.50000 0.33333 0.25000 0.20000 0.16667 0.14286 0.12500 0.11111 0.10000 0.09091 0.08333
0.00000 0.08333 0.08333 0.07500 0.06667 0.05952 0.05357 0.04861 0.04444 0.04091 0.03788 0.03526
0.00000 -0.00000 0.00556 0.00833 0.00952 0.00992 0.00992 0.00972 0.00943 0.00909 0.00874 0.00839
0.00000 0.00000 0.00000 0.00036 0.00071 0.00099 0.00119 0.00133 0.00141 0.00147 0.00150 0.00151
0.00000 0.00000 0.00000 0.00000 0.00002 0.00006 0.00009 0.00013 0.00016 0.00018 0.00020 0.00022
0.00000 0.00000 0.00000 0.00000 0.00000 0.00000 0.00000 0.00001 0.00001 0.00002 0.00002 0.00002
0.00000 0.00000 0.00000 0.00000 0.00000 0.00000 0.00000 0.00000 0.00000 0.00000 0.00000 0.00000
0.00000 0.00000 0.00000 0.00000 0.00000 0.00000 0.00000 0.00000 0.00000 0.00000 0.00000 0.00000
0.00000 0.00000 0.00000 0.00000 0.00000 -0.00000 0.00000 0.00000 0.00000 0.00000 0.00000 0.00000
0.00000 0.00000 0.00000 0.00000 0.00000 0.00000 0.00000 0.00000 0.00000 0.00000 0.00000 0.00000
0.00000 0.00000 0.00000 -0.00000 0.00000 0.00000 0.00000 0.00000 0.00000 0.00000 0.00000 0.00000
0.00000 0.00000 0.00000 0.00000 0.00000 0.00000 0.00000 0.00000 0.00000 0.00000 0.00000 0.00000

L: 
1.00000 0.00000 0.00000 0.00000 0.00000 0.00000 0.00000 0.00000 0.00000 0.00000 0.00000 0.00000
0.50000 1.00000 0.00000 0.00000 0.00000 0.00000 0.00000 0.00000 0.00000 0.00000 0.00000 0.00000
0.33333 1.00000 1.00000 0.00000 0.00000 0.00000 0.00000 0.00000 0.00000 0.00000 0.00000 0.00000
0.25000 0.90000 1.50000 1.00000 0.00000 0.00000 0.00000 0.00000 0.00000 0.00000 0.00000 0.00000
0.20000 0.80000 1.71429 2.00000 1.00000 0.00000 0.00000 0.00000 0.00000 0.00000 0.00000 0.00000
0.16667 0.71429 1.78571 2.77778 2.50000 1.00000 0.00000 0.00000 0.00000 0.00000 0.00000 0.00000
0.14286 0.64286 1.78571 3.33333 4.09091 3.00000 1.00000 0.00000 0.00000 0.00000 0.00000 0.00000
0.12500 0.58333 1.75000 3.71212 5.56818 5.65385 3.50000 1.00000 0.00000 0.00000 0.00000 0.00000
0.11111 0.53333 1.69697 3.95960 6.85315 8.61538 7.46667 4.00000 1.00000 0.00000 0.00000 0.00000
0.10000 0.49091 1.63636 4.11189 7.93007 11.63077 12.60000 9.52941 4.49999 1.00000 0.00000 0.00000
0.09091 0.45455 1.57343 4.19580 8.81119 14.53846 18.52941 17.64706 11.84208 4.99983 1.00000 0.00000
0.08333 0.42308 1.51099 4.23077 9.51923 17.24661 24.91176 28.09597 23.88153 14.40404 5.49615 1.00000

U: 
1.00000 0.50000 0.33333 0.25000 0.20000 0.16667 0.14286 0.12500 0.11111 0.10000 0.09091 0.08333
0.00000 0.08333 0.08333 0.07500 0.06667 0.05952 0.05357 0.04861 0.04444 0.04091 0.03788 0.03526
0.00000 -0.00000 0.00556 0.00833 0.00952 0.00992 0.00992 0.00972 0.00943 0.00909 0.00874 0.00839
0.00000 0.00000 0.00000 0.00036 0.00071 0.00099 0.00119 0.00133 0.00141 0.00147 0.00150 0.00151
0.00000 0.00000 0.00000 0.00000 0.00002 0.00006 0.00009 0.00013 0.00016 0.00018 0.00020 0.00022
0.00000 0.00000 0.00000 0.00000 0.00000 0.00000 0.00000 0.00001 0.00001 0.00002 0.00002 0.00002
0.00000 0.00000 0.00000 0.00000 0.00000 0.00000 0.00000 0.00000 0.00000 0.00000 0.00000 0.00000
0.00000 0.00000 0.00000 0.00000 0.00000 0.00000 0.00000 0.00000 0.00000 0.00000 0.00000 0.00000
0.00000 0.00000 0.00000 0.00000 0.00000 -0.00000 0.00000 0.00000 0.00000 0.00000 0.00000 0.00000
0.00000 0.00000 0.00000 0.00000 0.00000 0.00000 0.00000 0.00000 0.00000 0.00000 0.00000 0.00000
0.00000 0.00000 0.00000 -0.00000 0.00000 0.00000 0.00000 0.00000 0.00000 0.00000 0.00000 0.00000
0.00000 0.00000 0.00000 0.00000 0.00000 0.00000 0.00000 0.00000 0.00000 0.00000 0.00000 0.00000

Error for LU: [[ 1.66293198]]

Q with givens: 
0.79937 -0.55256 0.22311 -0.07368 0.02113 -0.00535 0.00120 -0.00023 0.00004 -0.00001 0.00000 -0.00000
0.39968 0.23629 -0.64382 0.52450 -0.28207 0.11658 -0.03912 0.01087 -0.00250 0.00047 -0.00007 0.00001
0.26646 0.32839 -0.30242 -0.28279 0.57629 -0.48126 0.26842 -0.11204 0.03633 -0.00915 0.00172 -0.00021
0.19984 0.32318 -0.05618 -0.42067 0.14752 0.37210 -0.54941 0.40792 -0.20340 0.07283 -0.01853 0.00298
0.15987 0.29955 0.08933 -0.32685 -0.21321 0.37966 0.08752 -0.49214 0.49096 -0.27997 0.10253 -0.02234
0.13323 0.27403 0.17369 -0.18068 -0.34695 0.05751 0.40338 -0.13349 -0.39360 0.52451 -0.31633 0.10021
0.11420 0.25058 0.22233 -0.04019 -0.32055 -0.22115 0.23938 0.33773 -0.24984 -0.34160 0.53873 -0.28419
0.09992 0.22993 0.24979 0.07891 -0.20710 -0.33832 -0.09035 0.32145 0.29890 -0.26985 -0.40572 0.52241
0.08882 0.21198 0.26438 0.17499 -0.05508 -0.29361 -0.32300 -0.03934 0.33919 0.36318 -0.13851 -0.62081
0.07994 0.19637 0.27100 0.25069 0.10746 -0.12392 -0.32907 -0.35850 -0.13525 0.24211 0.51614 0.46015
0.07267 0.18276 0.27262 0.30954 0.26552 0.12964 -0.07677 -0.29611 -0.45086 -0.47938 -0.37393 -0.19337
0.06661 0.17081 0.27106 0.35486 0.41177 0.43257 0.41258 0.35464 0.27013 0.17688 0.09396 0.03518

R with givens: 
1.25099 0.73788 0.54023 0.43121 0.36088 0.31127 0.27420 0.24533 0.22216 0.20311 0.18716 0.17359
-0.00000 0.16258 0.18420 0.18108 0.17200 0.16176 0.15182 0.14262 0.13425 0.12669 0.11986 0.11368
-0.00000 0.00000 0.01467 0.02441 0.03023 0.03357 0.03537 0.03622 0.03645 0.03630 0.03589 0.03532
0.00000 0.00000 -0.00000 0.00111 0.00242 0.00360 0.00458 0.00536 0.00596 0.00642 0.00676 0.00701
0.00000 -0.00000 -0.00000 -0.00000 0.00007 0.00019 0.00034 0.00048 0.00062 0.00075 0.00086 0.00095
-0.00000 0.00000 -0.00000 0.00000 -0.00000 0.00000 0.00001 0.00003 0.00004 0.00006 0.00007 0.00009
-0.00000 -0.00000 -0.00000 -0.00000 -0.00000 -0.00000 0.00000 0.00000 0.00000 0.00000 0.00000 0.00001
0.00000 0.00000 -0.00000 0.00000 -0.00000 0.00000 -0.00000 0.00000 0.00000 0.00000 0.00000 0.00000
-0.00000 -0.00000 -0.00000 -0.00000 0.00000 -0.00000 0.00000 0.00000 0.00000 0.00000 0.00000 0.00000
-0.00000 0.00000 -0.00000 -0.00000 -0.00000 0.00000 -0.00000 0.00000 0.00000 0.00000 0.00000 0.00000
-0.00000 0.00000 -0.00000 -0.00000 0.00000 -0.00000 0.00000 0.00000 0.00000 0.00000 0.00000 0.00000
0.00000 0.00000 -0.00000 0.00000 -0.00000 0.00000 -0.00000 0.00000 -0.00000 0.00000 0.00000 0.00000

Error for QR with givens: [[  1.13797860e-15]]

Q with householder: 
0.79937 -0.55256 0.22311 -0.07368 0.02113 -0.00535 0.00120 -0.00023 0.00004 -0.00001 0.00000 -0.00000
0.39968 0.23629 -0.64382 0.52450 -0.28207 0.11658 -0.03912 0.01087 -0.00250 0.00047 -0.00007 0.00001
0.26646 0.32839 -0.30242 -0.28279 0.57629 -0.48126 0.26842 -0.11204 0.03633 -0.00915 0.00172 -0.00021
0.19984 0.32318 -0.05618 -0.42067 0.14752 0.37210 -0.54941 0.40792 -0.20340 0.07283 -0.01853 0.00298
0.15987 0.29955 0.08933 -0.32685 -0.21321 0.37966 0.08752 -0.49214 0.49096 -0.27997 0.10253 -0.02234
0.13323 0.27403 0.17369 -0.18068 -0.34695 0.05751 0.40338 -0.13349 -0.39360 0.52451 -0.31633 0.10021
0.11420 0.25058 0.22233 -0.04019 -0.32055 -0.22115 0.23938 0.33773 -0.24984 -0.34160 0.53873 -0.28419
0.09992 0.22993 0.24979 0.07891 -0.20710 -0.33832 -0.09035 0.32145 0.29890 -0.26985 -0.40572 0.52241
0.08882 0.21198 0.26438 0.17499 -0.05508 -0.29361 -0.32300 -0.03934 0.33919 0.36318 -0.13851 -0.62081
0.07994 0.19637 0.27100 0.25069 0.10746 -0.12392 -0.32907 -0.35850 -0.13525 0.24211 0.51614 0.46015
0.07267 0.18276 0.27262 0.30954 0.26552 0.12964 -0.07677 -0.29611 -0.45086 -0.47938 -0.37393 -0.19337
0.06661 0.17081 0.27106 0.35486 0.41177 0.43257 0.41258 0.35464 0.27013 0.17688 0.09396 0.03518

R with householder: 
1.25099 0.73788 0.54023 0.43121 0.36088 0.31127 0.27420 0.24533 0.22216 0.20311 0.18716 0.17359
-0.00000 0.16258 0.18420 0.18108 0.17200 0.16176 0.15182 0.14262 0.13425 0.12669 0.11986 0.11368
-0.00000 0.00000 0.01467 0.02441 0.03023 0.03357 0.03537 0.03622 0.03645 0.03630 0.03589 0.03532
0.00000 0.00000 -0.00000 0.00111 0.00242 0.00360 0.00458 0.00536 0.00596 0.00642 0.00676 0.00701
0.00000 -0.00000 -0.00000 -0.00000 0.00007 0.00019 0.00034 0.00048 0.00062 0.00075 0.00086 0.00095
-0.00000 0.00000 -0.00000 0.00000 -0.00000 0.00000 0.00001 0.00003 0.00004 0.00006 0.00007 0.00009
